b_0 =  0
b_1 = -0.2636406
b_2 = 6.460805
b_3 = 0.0143786