b_0 = 0
b_1 = 0.14961
b_2 = 6.7452
b_3 = -0.27168